0.20116942208052746,0.38542227058015743,-0.5039000615008004,2176,0
0.1611891729184594,-0.06974130180244081,-0.2502377402219801,2102,0
0.14263269419284727,-0.15964030243655197,-0.7959816281018731,2508,0
0.17037881174026617,0.1418310569328041,-0.618043088830806,2579,0
0.14723393167286522,-0.12503591789039104,0.7922286338324042,2567,0
0.2011745366194107,0.3855230635071351,-0.31659472813914685,2186,0
0.17037881174026617,0.1418310569328041,-0.618043088830806,2579,0
0.16136388699530504,-0.06972771434812645,-0.22576909612950213,2117,0
0.14706970364088068,-0.12519357385585278,0.8159607418785451,2550,0
0.14264009161552743,-0.15979762775854103,-0.7592567530296473,2557,0
0.1613393095252059,-0.06973026793252238,-0.23416395430409773,2115,0
0.20116942208052746,0.38542227058015743,-0.5039000615008004,2176,0
0.17037182571790455,0.14166479819682307,-0.6333223767933325,2579,0
0.14706970364088068,-0.12519357385585278,0.8159607418785451,2550,0
0.20116942208052746,0.38542227058015743,-0.5039000615008004,2176,0
0.1611891729184594,-0.06974130180244081,-0.2502377402219801,2102,0
0.1429512902303376,-0.16011283216694502,-0.7709464097418489,2508,0
0.17054356537521637,0.14167753114718712,-0.5847275680007704,2601,0
0.14706970364088068,-0.12519357385585278,0.8159607418785451,2550,0
0.2016207796542261,0.3854829522920485,-0.3944831001410786,2189,0
0.14295000412417475,-0.1599538512575276,-0.7795044880066909,2504,0
0.17037182571790455,0.14166479819682307,-0.6333223767933325,2579,0
0.16136388699530504,-0.06972771434812645,-0.22576909612950213,2117,0
0.14706970364088068,-0.12519357385585278,0.8159607418785451,2550,0
0.2014896993034451,0.3855565123798242,-0.5307187928240179,2180,0
0.14279492364921728,-0.1597960506275325,-0.7833947482154081,2529,0
0.17054778655116076,0.14183701008716032,-0.6036050648409099,2597,0
0.16136388699530504,-0.06972771434812645,-0.22576909612950213,2117,0
0.14706970364088068,-0.12519357385585278,0.8159607418785451,2550,0
0.14706704621445402,-0.12470488975220173,0.8250315057781141,2509,0
0.14295278848201481,-0.15979724893116606,-0.7709462152380429,2508,0
0.2012723935138004,0.38540803482574093,-0.5437750229755735,2191,0
0.1705403754620945,0.14167073853017953,-0.6187521390509753,2599,0
0.16136388699530504,-0.06972771434812645,-0.22576909612950213,2117,0
0.2013279106064878,0.3855695670492028,-0.4938460279788619,2166,0
0.17069846067000502,0.14167387943419388,-0.5972621025951377,2584,0
0.16135068047033518,-0.06957393735559017,-0.24667866593142018,2116,0
0.14723393167286522,-0.12503591789039104,0.7922286338324042,2567,0
0.14279629688481627,-0.15995503225111068,-0.7747791284341657,2533,0
0.14312453856042345,-0.15963526478366638,-0.740237359469957,2577,0
0.20147458790926095,0.3855767324552254,-0.49395571127980553,2192,0
0.17037182571790455,0.14166479819682307,-0.6333223767933325,2579,0
0.16151355435896986,-0.0697151482941109,-0.2064979373304963,2131,0
0.14707342148929106,-0.12503282220882078,0.8266842530691664,2547,0
0.20149379519760324,0.38571580849552045,-0.49805984980042645,2179,0
0.14295000412417475,-0.1599538512575276,-0.7795044880066909,2504,0
0.1708601349848294,0.1415135650407357,-0.5977597543044585,2604,0
0.16136388699530504,-0.06972771434812645,-0.22576909612950213,2117,0
0.14706970364088068,-0.12519357385585278,0.8159607418785451,2550,0
0.14279629688481627,-0.15995503225111068,-0.7747791284341657,2533,0
0.20147458790926095,0.3855767324552254,-0.49395571127980553,2192,0
0.17069907632723377,0.14167856186295963,-0.6014655813210771,2622,0
0.16136388699530504,-0.06972771434812645,-0.22576909612950213,2117,0
0.14707342148929106,-0.12503282220882078,0.8266842530691664,2547,0
0.20146494063278358,0.3854124938096225,-0.5391325856643329,2194,0
0.14279629688481627,-0.15995503225111068,-0.7747791284341657,2533,0
0.17086770012164343,0.14168038542748218,-0.5812069999663386,2603,0
0.16136388699530504,-0.06972771434812645,-0.22576909612950213,2117,0
0.14706970364088068,-0.12519357385585278,0.8159607418785451,2550,0
0.20148121221902657,0.3854565767238531,-0.44387852228197805,2187,0
0.14296046551463576,-0.15963757082174207,-0.7481092202836274,2555,0
0.17086770012164343,0.14168038542748218,-0.5812069999663386,2603,0
0.16135068047033518,-0.06957393735559017,-0.24667866593142018,2116,0
0.1472355192689918,-0.12471528490195617,0.792119938546866,2566,0
0.20242365022962558,0.3855806707814457,-0.4992500832186696,2192,0
0.14368029626704346,-0.15973911752343173,1.0534534259536292,2512,0
0.17167245154930147,0.14151092025242248,-0.6175874627851665,2579,0
0.16200939039058718,-0.06972373703467134,-0.22541831180334607,2118,0
0.1478808576226066,-0.12486499991860296,0.8257503801054639,2529,0
0.20242365022962558,0.3855806707814457,-0.4992500832186696,2192,0
0.1716669098252499,0.14167275515192324,-0.6328752002242367,2580,0
0.16200939039058718,-0.06972373703467134,-0.22541831180334607,2118,0
0.1478808576226066,-0.12486499991860296,0.8257503801054639,2529,0
0.14344105529477713,-0.15979304347566575,-0.7833479610346964,2530,0
0.20242587428828834,0.3857043079973931,-0.5435942203203397,2192,0
0.14392335135026219,-0.16026296126828737,-0.7500018499170567,2552,0
0.17182784327772832,0.14150755572945153,-0.6292820038190491,2562,0
0.16200939039058718,-0.06972373703467134,-0.22541831180334607,2118,0
0.1478808576226066,-0.12486499991860296,0.8257503801054639,2529,0
0.20244793664615943,0.38555867581256076,-0.5394922742242876,2179,0
0.1716669098252499,0.14167275515192324,-0.6328752002242367,2580,0
0.16200939039058718,-0.06972373703467134,-0.22541831180334607,2118,0
0.1478808576226066,-0.12486499991860296,0.8257503801054639,2529,0
0.14327885593023293,-0.1596372995710427,-0.7959379389626524,2509,0
0.2026087948924389,0.3855793387245724,-0.4911889602976758,2167,0
0.17182784327772832,0.14150755572945153,-0.6292820038190491,2562,0
0.16200939039058718,-0.06972373703467134,-0.22541831180334607,2118,0
0.14804521314012628,-0.12470716052673102,0.8025927590018639,2546,0
0.14360508262482877,-0.15995017834841144,-0.7480588523954316,2555,0
0.20245041818629814,0.385431941212679,-0.5013883482129183,2177,0
0.17182784327772832,0.14150755572945153,-0.6292820038190491,2562,0
0.16200939039058718,-0.06972373703467134,-0.22541831180334607,2118,0
0.2025625496207691,0.3857046751499012,-0.5429745968835445,2191,0
0.1716669098252499,0.14167275515192324,-0.6328752002242367,2580,0
0.16200939039058718,-0.06972373703467134,-0.22541831180334607,2118,0
0.20295456236418666,0.3857236709766671,-0.5002956233856943,2178,0
0.17167245154930147,0.14151092025242248,-0.6175874627851665,2579,0
0.16200939039058718,-0.06972373703467134,-0.22541831180334607,2118,0
0.20228928556047535,0.3855544391455481,-0.27188719142807927,2178,0
0.1716669098252499,0.14167275515192324,-0.6328752002242367,2580,0
0.16583706973408563,-0.04632296894270766,-0.3141614141983664,2017,0
0.20254643743537754,0.38558340787773754,-0.48066049772107994,2169,0
0.17182865702965028,0.1418299956791141,-0.6635423838985116,2563,0
0.20228928556047535,0.3855544391455481,-0.27188719142807927,2178,0
0.18296714426766533,0.16785638544229853,0.832205309394548,2044,0
0.1805878100261367,0.12631004244833982,-0.7742085619864264,2042,0
0.2026943298275379,0.38571742519858065,-0.2389164843130139,2184,0
0.1829650514197199,0.16753070174449883,0.832471363601576,2044,0
0.18058010696786891,0.12664062396319592,-0.7720349125633151,2042,0
0.20276257564275843,0.3854667015405383,-0.4404730525561877,2188,0
0.18296865659256997,0.16769278075711855,0.8395256478640976,2043,0
0.18059241744692153,0.1261457721183395,-0.7645579395088832,2041,0
0.15455270762925366,-0.18643314014517748,0.5862773611467484,1877,0
0.20247446834672847,0.385554910243977,-0.27311253480787556,2178,0
0.1829634543342735,0.16769423024879695,0.8250510291573592,2045,0
0.18059241744692153,0.1261457721183395,-0.7645579395088832,2041,0
0.1828122745359299,0.16785937062369244,0.8352780578244281,2028,0
0.1805878100261367,0.12631004244833982,-0.7742085619864264,2042,0
0.17761523687333444,0.1414194846849407,-1.343892404486934,2231,0
0.18092717056111482,0.17485022053964278,0.19629357943297504,2231,0
0.2291493694672651,0.3293637410045487,-0.3377358801226503,1246,0
0.2290693157408522,0.3295770628934926,-0.30231888419309993,1252,0
0.2290693157408522,0.3295770628934926,-0.30231888419309993,1252,0
0.1872419194846311,0.23611019619164664,0.17756657355667846,2048,0
0.2290693157408522,0.3295770628934926,-0.30231888419309993,1252,0
0.1870707414608247,0.23611808204376797,0.19345693666397873,2035,0
0.2290693157408522,0.3295770628934926,-0.30231888419309993,1252,0
0.18723931321606455,0.23612924032302002,0.20874980715288644,2021,0
0.2291493694672651,0.3293637410045487,-0.3377358801226503,1246,0
0.18723931321606455,0.23612924032302002,0.20874980715288644,2021,0
0.2290693157408522,0.3295770628934926,-0.30231888419309993,1252,0
0.19412565894732614,0.20155344708833595,0.022614997839461866,1695,0
0.22934184942284958,0.3293791772595067,-0.32982891367301675,1246,0
0.19368077783184146,0.19635307228652127,-0.3990002861197941,1705,0
0.18536330375761326,-0.2959584411585232,-0.27522101204307275,1050,0
0.18093172407077507,-0.216858479531675,1.3660629430635396,1072,0
0.22934184942284958,0.3293791772595067,-0.32982891367301675,1246,0
0.1937135217015955,0.19620293119700338,-0.3824955888768119,1702,0
0.2292483507320697,0.32919152953576747,-0.3515199883432109,1248,0
0.19368077783184146,0.19635307228652127,-0.3990002861197941,1705,0
0.22882082567858453,0.32929300647890086,-0.2718516634799417,1252,0
0.19369077235797696,0.19607077552177676,-0.346031511243338,1703,0
0.22943878183547195,0.32921320953861916,-0.34034892870864847,1249,0
0.19379026539678765,0.19620120530181817,-0.3839685021715312,1697,0
0.1518240418684829,-0.1440007250448293,0.05412726359021377,2125,0
0.22943878183547195,0.32921320953861916,-0.34034892870864847,1249,0
0.1937182248223765,0.19601888078008292,-0.4124568256605851,1701,0
0.15165627543777194,-0.14398386018799444,0.08669157208441898,2130,0
0.22943878183547195,0.32921320953861916,-0.34034892870864847,1249,0
0.19390654485020317,0.1960323557431482,-0.3977882255107372,1705,0
0.1938772992619059,0.19618864724534996,-0.4075144789725326,1711,0
0.15767471309789996,-0.3165489113726507,-0.5943185137844889,1579,0
0.2244703657701583,0.3658460784047336,-1.049036656822835,1471,0
0.19368077783184146,0.19635307228652127,-0.3990002861197941,1705,0
0.15768580956441391,-0.3165512328015723,-0.5956849949732523,1579,0
0.19390654485020317,0.1960323557431482,-0.3977882255107372,1705,0
0.1576802710014788,-0.31669066942881313,-0.5893385687271571,1579,0
0.22500651833085883,0.3964703273546237,-0.2525018772588444,1554,0
0.194024786548875,0.19599219415039207,-0.45295950402224966,1701,0
0.15892815825042,-0.3195352351523701,-0.6197687833608629,1534,0
0.16033617302341394,-0.3212432218122659,-0.6519876406269234,1491,0
0.1938772992619059,0.19618864724534996,-0.4075144789725326,1711,0
0.16065343470558213,-0.32124196928749854,-0.6526741886491902,1490,0
0.19404858139663866,0.19583750996126653,-0.44089927337414153,1698,0
0.194024786548875,0.19599219415039207,-0.45295950402224966,1701,0
0.16033617302341394,-0.3212432218122659,-0.6519876406269234,1491,0
0.1937135217015955,0.19620293119700338,-0.3824955888768119,1702,0
0.194024786548875,0.19599219415039207,-0.45295950402224966,1701,0
0.18431679616457272,-0.09971326110016754,-0.441624778434557,1296,0
0.19394382408170677,0.1965579248373143,0.033546340709058875,1705,0
0.18431679616457272,-0.09971326110016754,-0.441624778434557,1296,0
0.18431679616457272,-0.09971326110016754,-0.441624778434557,1296,0
0.1761185249598592,0.102601198947831,-0.19948143438447044,2075,0
0.18431679616457272,-0.09971326110016754,-0.441624778434557,1296,0
0.20482848807471396,0.16406960129050982,0.9058002946885519,1344,0
0.21091066229012465,0.17687420811725268,-0.43954133905832937,1250,0
0.17623808643439695,0.10292671612190826,0.07391662620082527,2067,0
0.17616662511513684,0.1024309939005829,-0.2052231911714189,2060,0
0.1761185249598592,0.102601198947831,-0.19948143438447044,2075,0
0.17630358278757388,0.10257143046017725,-0.24989330674655935,2061,0
0.18609519739887231,0.12815978544610737,0.17852318495048625,1748,0
0.18368567568127828,0.10276126815289224,0.9631366582283193,1755,0
0.18091438690425424,0.05411174639214017,-0.6653014633391633,1714,0
0.1805932986534605,0.0536080020782354,-0.6752777603119816,1713,0
0.18400827470115105,0.10294211739971645,0.9481323423313082,1737,0
0.18074489962094517,0.053780780481063356,-0.6767388038727977,1723,0
0.18400727865616212,0.10310914477009052,0.9424356824962902,1738,0
0.18074489962094517,0.053780780481063356,-0.6767388038727977,1723,0
0.18400727865616212,0.10310914477009052,0.9424356824962902,1738,0
0.18074489962094517,0.053780780481063356,-0.6767388038727977,1723,0
0.18416820252207303,0.1029438991664557,0.9336885967135423,1749,0
0.17596656234741778,0.152380752558431,0.46131131766722194,2425,0
0.18074489962094517,0.053780780481063356,-0.6767388038727977,1723,0
0.1443663635741307,-0.3082542609520843,1.1209802144322352,1864,0
0.18400727865616212,0.10310914477009052,0.9424356824962902,1738,0
0.18074489962094517,0.053780780481063356,-0.6767388038727977,1723,0
0.15073109231700002,-0.24514972209383298,0.8539041477480708,1804,0
0.18433262761865254,0.10310551380295836,0.9359775465764444,1758,0
0.18074489962094517,0.053780780481063356,-0.6767388038727977,1723,0
0.1532642587022787,-0.2181022725520993,1.0799119771671715,1762,0
0.15409292400366756,-0.2690721157408478,-0.4479870712550611,1780,0
0.18433262761865254,0.10310551380295836,0.9359775465764444,1758,0
0.18074489962094517,0.053780780481063356,-0.6767388038727977,1723,0
0.18433362004923168,0.10293855823780589,0.941765835183864,1756,0
0.1805932986534605,0.0536080020782354,-0.6752777603119816,1713,0
0.18416844771026886,0.10310731913410798,0.939223039264976,1748,0
0.18058700916576945,0.05377261190334269,-0.6840076561324901,1713,0
0.18433262761865254,0.10310551380295836,0.9359775465764444,1758,0
0.18074489962094517,0.053780780481063356,-0.6767388038727977,1723,0
0.18433362004923168,0.10293855823780589,0.941765835183864,1756,0
0.18074489962094517,0.053780780481063356,-0.6767388038727977,1723,0
0.18433040288494007,0.10277510811658727,0.9362600313714934,1758,0
0.18074489962094517,0.053780780481063356,-0.6767388038727977,1723,0
0.139997337038936,-0.23022648752564306,0.3415793965168404,2589,0
0.18416844771026886,0.10310731913410798,0.939223039264976,1748,0
0.18075116423462434,0.05361632853449123,-0.6677943433094395,1723,0
0.18416844771026886,0.10310731913410798,0.939223039264976,1748,0
0.18074489962094517,0.053780780481063356,-0.6767388038727977,1723,0
0.18433040288494007,0.10277510811658727,0.9362600313714934,1758,0
0.18074489962094517,0.053780780481063356,-0.6767388038727977,1723,0
0.18433040288494007,0.10277510811658727,0.9362600313714934,1758,0
0.18074489962094517,0.053780780481063356,-0.6767388038727977,1723,0
0.18433262761865254,0.10310551380295836,0.9359775465764444,1758,0
0.18073992213770526,0.05395006962536422,-0.6666816340686867,1723,0
0.18417145314486516,0.10310734858217836,0.9392581965857073,1748,0
0.18073992213770526,0.05395006962536422,-0.6666816340686867,1723,0
0.18433262761865254,0.10310551380295836,0.9359775465764444,1758,0
0.18074489962094517,0.053780780481063356,-0.6767388038727977,1723,0
0.18433362004923168,0.10293855823780589,0.941765835183864,1756,0
0.15844894349348562,-0.007816538126810107,-0.5939130122463706,2348,0
0.18075116423462434,0.05361632853449123,-0.6677943433094395,1723,0
0.15603677702306806,-0.3042149052141314,1.1232066316363678,1664,0
0.18433362004923168,0.10293855823780589,0.941765835183864,1756,0
0.15845215560040338,-0.007979913915340869,-0.580449060362415,2352,0
0.15314501317248588,-0.062366760302456616,-0.1547681324098816,2414,0
0.18074489962094517,0.053780780481063356,-0.6767388038727977,1723,0
0.18433262761865254,0.10310551380295836,0.9359775465764444,1758,0
0.15496872058757932,-0.05476587234965484,-0.4531019211630473,2358,0
0.18075116423462434,0.05361632853449123,-0.6677943433094395,1723,0
0.16902124695436127,-0.163467065511635,0.5315459220104943,1533,0
0.1659019994828964,-0.21298479295721706,-1.053867933568411,1578,0
0.18449849976245708,0.10327179935815088,0.9252150504794682,1766,0
0.18075116423462434,0.05361632853449123,-0.6677943433094395,1723,0
0.21327769422363552,0.2215151025029945,0.7481619982494772,1285,0
0.208677231958181,0.15610367362869515,-0.8694496676549822,1282,0
0.18433362004923168,0.10293855823780589,0.941765835183864,1756,0
0.21347660952342282,0.22327282841753202,0.7387644472090795,1287,0
0.19464245188607246,0.3608202819738979,-0.6554860479755188,2459,0
0.20883090325527018,0.15739011051304014,-0.8584327810211904,1267,0
0.20832513810242848,0.29876370636589766,0.23174031986129282,1618,0
0.21347660952342282,0.22327282841753202,0.7387644472090795,1287,0
0.20898222664498586,0.15756447271655394,-0.859058227795072,1273,0
0.21348214888209935,0.2234322006218594,0.7433333443150549,1286,0
0.2088182361946143,0.15724639440993637,-0.8650091525093953,1279,0
0.20832513810242848,0.29876370636589766,0.23174031986129282,1618,0
0.20179867462687,0.2467393452663006,-1.338080371441334,1635,0
0.20833307536724707,0.2989254611598762,0.24204271108681666,1617,0
0.2019601913957038,0.24674326602763771,-1.335107752496101,1643,0
0.1697317770651207,-0.31157064027942194,0.4892034957335754,1304,0
0.21224920351522042,0.41883196337124917,0.5112213245719465,1878,0
0.21394769248032505,0.4027859526531603,0.15973414095489985,1722,0
0.20373953948100595,0.3051647625846154,0.2661887778043611,1631,0
0.20013957545116376,0.2330517551246173,0.1369662090730284,1548,0
0.1908607060370293,0.09621815329706716,-0.30728971982679604,1510,0
0.1847346246694597,0.013004765081613115,-0.25258200450028645,1386,0
0.18854181350090823,0.10830266567784963,0.3580481380019128,1466,0
0.18504773605944158,0.013222288285611073,0.18121756657783222,1390,0
0.170581803781574,-0.1500590627582555,-0.6328959387161487,1578,0
0.1732538811979927,-0.09808921663371352,0.9423121208222263,1578,0
0.17080991676178314,-0.16060347938000444,0.006186236631966834,1382,0
0.1783121607478757,0.14521054270522551,-0.7998207970671684,2173,0
0.1782976063844403,0.14504835998021506,-0.8071956812585314,2176,0
0.16271477285477293,-0.08822028066494363,1.1624337096035773,1926,0
0.15742275660219396,-0.13180933136917689,-0.43294694536512196,1942,0
0.1782976063844403,0.14504835998021506,-0.8071956812585314,2176,0
0.1562946091526209,0.025951886185671832,0.9329033224701688,3102,0
0.1367072172111683,-0.2837535280919045,0.9030327348824414,2617,0
0.15515616074587568,-0.0013145085970746404,-0.7064946315238638,3169,0
0.1562946091526209,0.025951886185671832,0.9329033224701688,3102,0
0.13703018476556691,-0.283897829185272,0.8928713256232488,2617,0
0.13349831689545796,-0.3181554301715946,-0.662002256455457,2586,0
0.1678109991943879,0.17229726662031683,-0.4195281119898891,3212,0
0.1367072172111683,-0.2837535280919045,0.9030327348824414,2617,0
0.13366117777232148,-0.3181538628659307,-0.6560584312389204,2606,0
0.16890027123673232,0.16361335244065858,0.023641206130387497,3176,0
0.1549948370090867,-0.0011478579398108307,-0.7103995104888203,3198,0
0.16890027123673232,0.16361335244065858,0.023641206130387497,3176,0
0.15645636148606068,0.02578580228163438,0.9142863774516142,3136,0
0.15484068590670072,-0.00132383706120037,-0.731498060254134,3105,0
0.1367072172111683,-0.2837535280919045,0.9030327348824414,2617,0
0.13366492293805537,-0.3180130163650154,-0.6484103821308647,2607,0
0.16872646653765222,0.163207177190884,-0.2889496622879627,3141,0
0.1368655481713311,-0.2838945123561819,0.9239439906059044,2597,0
0.13301071819158464,-0.31787735688919744,-0.6629969861842774,2528,0
0.1368655481713311,-0.2838945123561819,0.9239439906059044,2597,0
0.13350201272185483,-0.31801463567147825,-0.6543762830409576,2587,0
0.1553167578215675,-0.0013103447989121974,-0.6951277556065251,3201,0
0.15484368165532736,-0.0014834662505251082,-0.6933751354763541,3162,0
0.13718680531670766,-0.2838934760845271,0.9020944657496484,2600,0
0.13350201272185483,-0.31801463567147825,-0.6543762830409576,2587,0
0.17435364130718348,0.2084922755318039,-0.6175649658508257,3075,0
0.13718680531670766,-0.2838934760845271,0.9020944657496484,2600,0
0.13349831689545796,-0.3181554301715946,-0.662002256455457,2586,0
0.18013490082342443,0.26508094444563135,-0.04458406243005973,2997,0
0.1873116009483987,0.32840021969551386,-0.29725984969860536,2934,0
0.1562946091526209,0.025951886185671832,0.9329033224701688,3102,0
0.13703018476556691,-0.283897829185272,0.8928713256232488,2617,0
0.18748845058752683,0.3285269757469006,-0.3960515057973507,2943,0
0.1564618737231733,0.026118277302569482,0.9123495897128999,3129,0
0.1370253685826087,-0.28389877661162544,0.8893358416104598,2623,0
0.1333481433531204,-0.3183012459000176,-0.6612643232094837,2568,0
0.1549948370090867,-0.0011478579398108307,-0.7103995104888203,3198,0
0.15467806437272347,-0.001486829645492157,-0.7048241286200448,3133,0
0.1368655481713311,-0.2838945123561819,0.9239439906059044,2597,0
0.13334434028639108,-0.3184420202728882,-0.6687485128244959,2567,0
0.19496308681652874,0.39185425928203205,-0.4390799759460713,3019,0
0.19561791091082384,0.3977891276341215,-0.7641053231997287,2987,0
0.1370253685826087,-0.28389877661162544,0.8893358416104598,2623,0
0.13366404405064283,-0.31829574962603013,-0.6483614969219573,2607,0
0.15515767219481427,-0.0013088024727994439,-0.6832081186511128,3233,0
0.1957751337621425,0.3976399501678983,-0.8030205102719311,2965,0
0.1367072172111683,-0.2837535280919045,0.9030327348824414,2617,0
0.13366117777232148,-0.3181538628659307,-0.6560584312389204,2606,0
0.1889733335291607,0.3289553878895092,-0.47214760323631505,2807,0
0.1564566724168788,0.02595078601529239,0.925795042460967,3134,0
0.15499156538992223,-0.0011543972064259724,-0.7615913129245245,3128,0
0.1892135883583485,0.32932597452169626,-0.253424382284474,2787,0
0.1562946091526209,0.025951886185671832,0.9329033224701688,3102,0
0.15467806437272347,-0.001486829645492157,-0.7048241286200448,3133,0
0.1400998828845809,-0.23785531583936592,1.0672702839751367,2620,0
0.1885188229838768,0.3255998862468216,-0.1441969159409806,2812,0
0.15662084880333918,0.025949811680771373,0.9184886109974416,3166,0
0.1551555029881068,-0.0011437234281033292,-0.6989229530437243,3231,0
0.18450470158380403,0.2910488542190112,-0.45010525985999805,2795,0
0.18440231111789532,0.288313592370549,0.15088710963831067,2833,0
0.15774147663362592,-0.02513294264236239,-0.4935409363334266,2485,0
0.18440231111789532,0.288313592370549,0.15088710963831067,2833,0
0.15799408758666578,-0.02482350419000793,-0.04657472344894314,2752,0
0.18440231111789532,0.288313592370549,0.15088710963831067,2833,0
0.18466609144545926,0.2846565803532787,-0.8494689425394573,2797,0
0.15828747492499645,-0.02479283249593953,0.002486684907619628,2756,0
0.17450841343516743,0.09969221505592911,-0.5009133047014914,2390,0
0.17526261570213078,0.07404323269199278,-0.41941983685838385,2222,0
0.17425115971413932,0.03228887647304739,-0.2508066717164117,2055,0
0.1744158565482819,0.03212800341071663,-0.24572274816325784,2069,0
0.18277292196332023,0.08372147242951454,0.8117485079686112,1902,0
0.17874382537771752,0.03772866711630974,-0.7990148463222692,1888,0
0.19229571766920664,0.1528049583991331,-0.02133173698822577,1779,0
0.21519688342799487,0.3923795972506826,0.1999397535714007,1924,0
0.1648035763364356,-0.24797114091057473,0.04326668879087633,1211,0
0.23145033091485792,-0.1267727002930659,-0.10432512755131894,705,0
0.23251581993368015,-0.11272675976035214,0.2749671961003743,735,0
0.23202552887710767,-0.1129510803452289,0.2634882816454033,736,0
0.23214654333579637,-0.11307735619346572,0.2703509344830377,735,0
0.23214654333579637,-0.11307735619346572,0.2703509344830377,735,0
0.20784430986023364,0.1667898385685621,-0.5820085362895968,1404,0
0.23214654333579637,-0.11307735619346572,0.2703509344830377,735,0
0.23235896117948865,-0.11311467398414879,0.2624122433629689,736,0
0.23223222419292297,-0.11335639921048533,0.2450675660461694,737,0
0.21319511822323148,0.21120233940250915,-0.30098027357947493,1373,0
0.23232893843372224,-0.1130005093709044,0.2522533814523713,736,0
0.21903296114091925,0.29000464124403347,-0.4848549638742237,1407,0
0.23232893843372224,-0.1130005093709044,0.2522533814523713,736,0
0.23082845827337087,0.3706129606259222,-1.4967437833792738,1390,0
0.20133281858922045,-0.011170835113280266,-0.5668808732112737,1222,0
0.16381830793199065,-0.16359761828454297,-0.778868321963977,1858,0
0.17020759570771732,-0.1504373218535571,0.5673979386386568,1673,0
0.16523211899282308,-0.197298924398346,-0.9998120840301099,1697,0
0.1710529191739215,-0.14243319266314655,0.7714768896100841,1663,0
0.16671035098657763,-0.19240883291514077,-0.8038069441491824,1668,0
0.16585422855474574,0.0006964385746703636,0.4175414815527964,2465,0
0.16650259390168717,0.001844090595805492,0.34646225935251296,2426,0
0.16634350065470305,0.0019922288892247793,0.30393170825905386,2444,0
0.161189289338553,-0.054351234638013224,0.7915374994695218,2482,0
0.18228180886365394,-0.2821612576284333,1.089318718075147,1228,0
0.15868694937706035,-0.08987538308685789,-0.8112854036101016,2461,0
0.229451882357615,-0.175018257958604,-0.4658189621058643,786,0
0.22933790609967297,-0.17502332740553236,-0.46651831927463316,787,0
0.22945756886218358,-0.17518620679542019,-0.4703627181604917,786,0
0.22945756886218358,-0.17518620679542019,-0.4703627181604917,786,0
0.2293186560363589,-0.17518296656190435,-0.4691479016561246,787,0
0.22945756886218358,-0.17518620679542019,-0.4703627181604917,786,0
0.14948515495307893,0.1850078260573341,-0.13124867214594108,1759,1
0.14972430459564354,0.18521995681526343,-0.07687519706534983,1763,1
0.14972430459564354,0.18521995681526343,-0.07687519706534983,1763,1
0.14972430459564354,0.18521995681526343,-0.07687519706534983,1763,1
0.14972430459564354,0.18521995681526343,-0.07687519706534983,1763,1
0.14948515495307893,0.1850078260573341,-0.13124867214594108,1759,1
0.14972430459564354,0.18521995681526343,-0.07687519706534983,1763,1
0.1515557443247095,0.20328279804736415,-0.30709611494086003,1766,1
0.11291761036197066,-0.24190442195445594,0.37716177929298,1414,1
0.10732823244710252,-0.3057287183113073,0.11700852078059613,1251,1
0.1672222737579677,0.366037792442153,-0.4381489636501995,1640,1
0.16716689377720848,0.3642544970977897,-0.46766156775005,1621,1
0.1658636391034645,0.3521175899859702,-0.38884345208957455,1637,1
0.15479841260334104,0.23304495454713808,-0.4303764203616583,1642,1
0.15479841260334104,0.23304495454713808,-0.4303764203616583,1642,1
0.15461801352605506,0.23317129470731807,-0.4671647444710021,1636,1
0.1532141845201451,0.2189515545891154,-0.5338102865019801,1650,1
0.14635523291061722,0.14792344049551295,-0.04976008352171848,1751,1
0.1461690001282827,0.14738235933537985,-0.3145596426417979,1738,1
0.13931489686595663,0.08470134449343311,-0.372767023680185,1762,1
0.1354410179137856,0.033111944889794874,-0.14643135004097332,1828,1
0.13557690899883895,0.03131052098687094,0.10455906788058088,1821,1
0.12886481041129835,-0.04557313307579467,-0.3058287136273827,1730,1
0.11207434019044622,-0.2716294612439833,0.24223771948334216,1748,1
0.11247465093439606,-0.27185062002252697,0.15928945273233505,1747,1
0.12862822131515741,-0.0485559743274137,-0.351194866207418,1736,1
0.11302557084464325,-0.25700464407614204,0.41082468954510115,1704,1
0.12630685992163104,-0.07494066186140227,-0.1516590508798539,1744,1
0.1272723311776971,-0.06978693499398347,-0.05013765737271024,1615,1
0.12769237181841223,-0.06811871692532426,-0.283165777884894,1329,1
0.12789604079850522,-0.06633028205011467,-0.28778418568777986,1322,1
0.10907226281107367,-0.3158030819835412,0.2107504106769709,1440,1
0.1299036022570624,-0.041450626496128,-0.32035764762212826,1287,1
0.1093044921564223,-0.3157531266797624,0.251928722488109,1443,1
0.129956979370607,-0.040977275073028584,-0.3343240019341689,1287,1
0.10887714079897308,-0.3160752532457527,0.2208251216648837,1444,1
0.15274707340610813,0.21266113291173375,0.0813999875483057,1262,1
0.15260330859465213,0.21236701109689365,0.09757196287112523,1256,1
0.15257660643162355,0.2124507538430225,0.04999333928437346,1268,1
0.1528947677942293,0.2159296524135961,-0.4730915838074963,1217,1
0.1726596769543209,0.34525665428991237,0.6825529207942101,1260,1
0.1509617288605775,0.19398150406912332,-0.8966045349992449,1229,1
0.15228569952780407,0.20707309537833407,-0.5812551398871181,1168,1
0.15583431877110904,0.2511362178440336,0.14451521974580728,1096,1
0.15223763133698637,0.22015982534089348,-0.15625312396664578,1055,1
0.1528125406314572,0.22045651138013508,-0.09984731749410122,1055,1
0.1528125406314572,0.22045651138013508,-0.09984731749410122,1055,1
0.14305142365722223,0.11771980590337679,-0.297863241829922,1171,1
0.1354873663301168,0.014305565858863233,-0.039775044350162506,1326,1
0.13561672791370977,0.015740140280417925,0.15356635083099104,1323,1
0.13561672791370977,0.015740140280417925,0.15356635083099104,1323,1
0.13894672865150468,-0.08686100815843054,-0.8406334002709135,1444,1
0.13843070215585135,0.04744562340103893,0.7475460370177093,1420,1
0.1391099446556426,-0.0867025561700022,-0.838789456328201,1438,1
0.13844458917607988,0.04761209335906639,0.752939412954839,1420,1
0.13729289643588977,-0.09540977242784272,-0.7981540900259725,1541,1
0.13271584759929123,-0.121574209339057,-0.9912392297371163,1804,1
0.1313032772822003,-0.01711417629472134,0.5639160604641043,1765,1
0.115539321620663,-0.23234795228168376,1.4677553308627673,1946,1
0.13271584759929123,-0.121574209339057,-0.9912392297371163,1804,1
0.13131026720936817,-0.0169449003479342,0.574795561089625,1764,1
0.11585639399858293,-0.2342882125167081,1.4464173871971966,1924,1
0.13271584759929123,-0.121574209339057,-0.9912392297371163,1804,1
0.13163873683194519,-0.017090031564737526,0.6026647281637192,1744,1
0.13084781035401982,-0.14311225500026364,-1.061721834328985,1820,1
0.1293873755571035,-0.04216797506083715,0.5325460033753445,1738,1
0.1116816749120002,-0.27941015308996975,0.342141985328911,1987,1
0.12284587779680713,-0.11615769961042723,-0.4555349669931746,1714,1
0.11154880932345658,-0.27926821534309676,0.33187434815179484,1979,1
0.13751457635652398,-0.011043029999242858,1.1105814207839924,1788,1
0.1116816749120002,-0.27941015308996975,0.342141985328911,1987,1
0.11836813418396445,-0.10617429943001984,-0.4511422098732024,1746,1
0.13059825404238767,-0.02421548749453786,-0.5486015189508209,2000,1
0.11111729474077445,-0.27928666911375255,0.29242744256257974,1981,1
0.13543083769994602,0.024872458515926007,0.66953785199574,2021,1
0.13623034107722656,-0.06902566337010715,-0.909726399426411,2085,1
0.13421286779206829,0.010861522150284603,0.35311963031749205,1982,1
0.13196758110014264,-0.0067692243146307545,-0.04243992426889858,2229,1
0.13241460341648845,-0.006555516164026056,0.050356344989675034,2217,1
0.13099064164833335,-0.020632802860686097,0.39881408173981425,2294,1
0.13079757619331556,-0.024919541639674546,0.42783267855714496,2315,1
0.13078934080270796,-0.02509095279737429,0.4084020746206813,2316,1
0.14498194670298975,0.13505896023618277,0.16210463662979077,2442,1
0.14636149315409117,0.14783457592679222,0.09715260096210873,2446,1
0.1524680586916945,0.2043254643412149,-0.012956922523427198,2340,1
0.15509511124939523,0.229106989803509,-0.07967532992939921,2290,1
0.16422709887934564,0.31850421951059793,-0.07385372950019746,2137,1
0.11539389814770072,-0.2339064752807471,1.219963346305858,2056,1
0.1050471031994006,-0.32763893737641653,-0.37250236723119784,2024,1
0.17338505201355686,0.40246983028869604,-0.2853773672299101,2030,1
0.1153934550456347,-0.23375281070775747,1.2136958381172878,2057,1
0.10489190836843412,-0.3276359028756499,-0.36612407112643663,2035,1
0.1787553729078089,0.407172704459353,-0.1148463768908555,2056,1
0.16119405056542346,0.2958913613023283,-0.7996465304787252,2051,1
0.11951791425400038,-0.1619905409932515,0.10488026155698886,2030,1
0.16175521150970867,0.2974957531609732,-0.5326723788517441,2004,1
0.12122264444770522,-0.14165009046859994,0.5061989528518597,1994,1
0.1158450075554788,-0.23241861981971146,-1.0322840290550124,2065,1
0.16245564731404008,0.3049327064418742,0.7045911660633664,2067,1
0.11601125072028202,-0.23242073585996784,-1.0362174195605636,2053,1
0.1627534602468805,0.20995945655573175,-0.882938929770526,2017,1
0.12122264444770522,-0.14165009046859994,0.5061989528518597,1994,1
0.15079128679921952,0.18941545462658832,-0.35245097705657297,1902,1
0.12473612689049937,-0.10905544344908417,0.9421935651445636,1949,1
0.11800749702431543,-0.21470508031734042,-0.6100702653689092,1940,1
0.1527998125892279,0.16392374021436903,0.6661259513154831,2108,1
0.1401966084081941,0.07323015897448774,-0.9226237628655691,2085,1
0.11849715864246016,-0.2059268398345805,-0.4467727029708678,1876,1
0.12509742291552498,-0.10069851868207662,1.0811899631453814,1945,1
0.12493498381101249,-0.10004860056919733,1.0850066020740547,1932,1
0.11880864667131662,-0.20561706426779466,-0.4472273345121976,1873,1
0.13572162937231527,0.033924475055756374,-0.21555241152653037,2127,1
0.1236232773587019,-0.14846007028754635,0.14431235777289703,1763,1
0.12370383858352064,-0.14866962834778152,0.08236143372310167,1774,1
0.12851532835260635,-0.09651871137801386,0.31140918298167464,1780,1
0.1283331715287389,-0.09654790578702795,0.2752889147776059,1791,1
0.12084057607298665,-0.1754164229131558,-1.153392254912285,1876,1
0.12953639224622282,-0.08441413168844128,0.44581094317445324,1758,1
0.12214184418984939,-0.16392434537180298,-0.9209109524633251,1785,1
0.13210061705724754,-0.05802337840298252,0.6694513349847264,1723,1
0.12214184418984939,-0.16392434537180298,-0.9209109524633251,1785,1
0.13209528553825794,-0.057862144854076945,0.6604689809481807,1724,1
0.13194758958094152,-0.05079943003162296,0.7460016070774472,1717,1
0.12329590025039218,-0.15985293129369182,-0.8616343343736707,1759,1
0.12281237081636646,-0.15811935191389878,-0.8389213637997303,1768,1
0.1329520204124313,-0.048671190116061316,0.7364819528435379,1734,1
0.13825682436061043,0.003127083803801196,-1.0831457091763026,1518,1
0.15043834024014832,0.1284439001330997,0.5309446376821305,1474,1
0.15300168308745327,0.15819196102718378,0.33287170118636844,1420,1
0.14137715472723092,0.03705483013450199,-1.2416137435457444,1506,1
0.14137717788261558,0.036883591111387,-1.2386420667996354,1507,1
0.15317574138867054,0.15818080675434185,0.3224494522647562,1428,1
0.13194180816159634,-0.06331303060866332,-0.8598475404938696,1616,1
0.1432284852507747,0.05678447569134697,0.7299497949267197,1604,1
0.12205806672323219,-0.1590391782037955,-1.1867479689772933,2057,1
0.12417881266940238,-0.13323305712974265,0.3912033331926198,1968,1
0.12434167905892868,-0.13437883783202811,0.34358436284980726,1981,1
0.10448204759085351,-0.3265886871055507,0.12515252227676696,2683,1
0.12467141778777073,-0.1283734570923198,0.8088074001427789,2094,1
0.117153705595547,-0.21909452983768207,-0.7572801081629853,2135,1
0.10443454821833628,-0.32504612361648344,0.11340158907593123,2654,1
0.12450682736026765,-0.12837923055041464,0.7997680906421738,2109,1
0.1169890373167919,-0.21909654164489922,-0.7628750849553197,2119,1
0.10445909052213725,-0.3251734229584934,0.15779472829659044,2693,1
0.12275849921690322,-0.1245442729403162,0.5959606843831244,2726,1
0.12275049141240826,-0.12357186547072171,0.6243141368516091,2683,1
0.12784725283809067,-0.10524993701138283,0.4039117609017575,2705,1
0.12581169521448587,-0.08741541588555994,0.4474354643836525,2627,1
0.1281642872668445,-0.1416300269066905,-0.7425810373688626,2644,1
0.12720205794012526,-0.06765547740278029,0.8542941438516787,2665,1
0.12252876257308086,-0.12046115414019466,0.17693906124203812,2512,1
0.12276178573886129,-0.12070511802362797,-0.03196204748749551,2468,1
0.12060206270704035,-0.14024334191089222,0.21807207716729823,2208,1
0.12652433430684476,-0.1256775284950136,-0.08780205541563155,1958,1
0.12654145850350823,-0.1265710584653351,0.0187392456297851,1969,1
0.13216206264355468,-0.06482053876052554,-0.20730230828568139,1878,1
0.1123257015055202,-0.28199966967636125,0.766316919608975,1729,1
0.13305750803748342,-0.059712001206633766,-0.16980599912670838,1928,1
0.17188663475595406,0.3381964922865292,0.41154418790946823,1962,1
0.1603501773314056,0.24134276403001304,-1.132475177513621,1982,1
0.13411324574342837,-0.03342317528104105,1.3201402019288162,1678,1
0.12468794901960033,-0.14053234931001946,-0.25619593829409815,1597,1
0.1605079082497768,0.24090386559197305,-1.2272659731528037,1967,1
0.1353609426633883,-0.0091824630026125,0.6010344076429504,1820,1
0.16844500955964264,0.30596462407902625,-0.4256903177600446,1882,1
0.13467269834184423,0.018427119971015316,0.7579672621947044,1939,1
0.13950281357194327,0.030701462689499748,0.8612809257712161,1990,1
0.17895597876869077,0.4006519882287539,-0.9364051957405515,1950,1
0.1403778523648923,0.04481866920671215,0.637327167791591,1952,1
0.13142217152230995,-0.05121840963197635,-0.9564523396340693,1974,1
0.17486840141441617,0.36011674262354376,-0.8254984161123862,1797,1
0.1402068022991676,0.04096048390715896,0.1598833037408647,1975,1
0.17388615140688402,0.3553899508734393,-0.8396304446279133,1780,1
0.14153033785390362,0.05715337202666004,0.027773963646127386,2005,1
0.16696555193099402,0.2942559465040195,-1.2320295399538046,1652,1
0.13565270229642332,-0.010155931942092092,-0.5268910160081898,1928,1
0.17965403464631596,0.40890730092594135,0.3454384502764177,1654,1
0.14454406417990498,0.08737004960487058,1.0518795752127605,1999,1
0.18035845782373444,0.4119100332263453,0.4110574345290028,1639,1
0.16730010511504145,0.2963682134036455,-1.1590371243896593,1654,1
0.13687717004965014,0.0012754747109552293,-0.4462560272144635,1853,1
0.1420422063066893,0.046530521332967235,-0.18676009049591724,1635,1
0.17002724377624828,0.3145875143957156,-0.17631924321995043,1556,1
0.13872091085460098,0.004734643607074629,-0.16865942478942786,1560,1
0.17205182929520224,0.3290601188625229,-0.056996783433311195,1495,1
0.1384425973151034,0.005187141148053931,0.11385214293299742,1565,1
0.17472265146413288,0.34934915326584504,0.04307642117244768,1384,1
0.13721901807332496,-0.01251375678271127,0.27454814628771157,1512,1
0.13756986349433628,-0.01267336389063638,0.27899003938093736,1515,1
0.1566975878163234,0.1659747849513324,-0.42964014066114087,1410,1
0.1241139450161504,-0.15135105106220384,-1.0029876942955114,1527,1
0.13570438034735496,-0.02894269187057154,0.5765321539586565,1466,1
0.13554746727519582,-0.02926429565540763,0.5828392862488331,1460,1
0.1241139450161504,-0.15135105106220384,-1.0029876942955114,1527,1
0.15698627849709554,0.16711843166552648,-0.4182481211590479,1400,1
0.15815453284523673,0.17890603290998508,-0.07900747315269126,1354,1
0.13347223468965436,-0.05497044517555933,1.186040663278132,1361,1
0.1551452445711156,0.14227527727138178,-0.3881990055687736,1351,1
0.13347100396062092,-0.054802400500034654,1.1811987425663348,1361,1
0.1678506099170383,0.22792238897566774,1.0695112610345094,1462,1
0.15161803815691338,0.10526113433523912,-0.5533816843096876,1367,1
0.1268042274547994,-0.13010923171286254,1.069036769480811,1299,1
0.15115711987751115,0.0987052145731937,-0.3297604239847681,1373,1
0.12345302210155212,-0.17668908589251445,0.928005254020774,1231,1
0.14818779803191748,0.06596964460262102,-0.2841351507752953,1386,1
0.1449114411789873,0.03324528023188623,-0.32109866272185356,1404,1
0.14528413063659953,0.03180081173524842,0.1232228696041312,1406,1
0.11414395758643069,-0.27818966642275583,1.3800538835319232,1096,1
0.14517877555135342,0.03161641241952959,-0.15385906810370356,1409,1
0.11398442683490438,-0.27819422592209353,1.37817657073651,1100,1
0.11382257055236622,-0.2781907847905364,1.3796917194087577,1097,1
0.14108903970943007,-0.003949644590308372,-0.09626588204331687,1412,1
0.13798351104387777,-0.041303558041340296,0.0022039025816988056,1439,1
0.11398442683490438,-0.27819422592209353,1.37817657073651,1100,1
0.11398442683490438,-0.27819422592209353,1.37817657073651,1100,1
0.13798351104387777,-0.041303558041340296,0.0022039025816988056,1439,1
0.13798351104387777,-0.041303558041340296,0.0022039025816988056,1439,1
0.13798351104387777,-0.041303558041340296,0.0022039025816988056,1439,1
0.13798351104387777,-0.041303558041340296,0.0022039025816988056,1439,1
0.13798351104387777,-0.041303558041340296,0.0022039025816988056,1439,1
0.13800065422213953,-0.03433380461552952,0.19158698426756715,1417,1
0.10732764318659783,-0.3055452612074004,0.6056648245713631,1009,1
0.12051326380402379,-0.05894321843785821,0.5127723328730691,1429,1
0.12951598653016536,0.0768295827355968,-0.43479368740757135,2814,1
0.13806348510638156,0.06700671670842939,-0.1552074615524768,2855,1
0.13772324538052408,0.06719379859840129,-0.07829903566778997,2840,1
0.13805131288909364,0.06720458468283452,-0.04774104916254827,2841,1
0.13806348510638156,0.06700671670842939,-0.1552074615524768,2855,1
0.13806348510638156,0.06700671670842939,-0.1552074615524768,2855,1
0.13806348510638156,0.06700671670842939,-0.1552074615524768,2855,1
0.18464356402206164,0.4173439912744133,0.6995122354384244,1974,1
0.16944711932591966,0.3197690081997886,-0.8749644091157809,1899,1
0.13806348510638156,0.06700671670842939,-0.1552074615524768,2855,1
0.17799146172233135,0.3566908804229862,0.20605974256256981,1921,1
0.16292984229979798,0.26270926356430196,-1.364871278161342,2002,1
0.13806348510638156,0.06700671670842939,-0.1552074615524768,2855,1
0.17735456954009188,0.35403522669037535,0.20342077688559992,1919,1
0.16258632421514202,0.259734373541456,-1.366776549480718,1999,1
0.13806348510638156,0.06700671670842939,-0.1552074615524768,2855,1
0.13806348510638156,0.06700671670842939,-0.1552074615524768,2855,1
0.16163281237564198,0.20894712688870085,0.38397800692058276,1911,1
0.14807115935168338,0.11566644681631955,-1.234596467497396,1992,1
0.13789556694681282,0.06716818739185244,-0.16522903823631663,2828,1
0.14744405138119177,0.06914465133119622,-0.20653586683039415,1982,1
0.14662908400017408,0.06713217760333881,-0.2439637854564738,1994,1
0.13377021623118182,-0.0763904936281381,-0.6565895292510524,2077,1
0.13157205600074995,-0.10471357687255575,0.23129775007389264,2043,1
0.1274479863892216,-0.1486044988981415,-0.3252426094850852,2081,1
0.12590564380615202,-0.06061475586383276,1.2257865889493442,2135,1
0.1205875625200573,-0.20971607610131449,-0.09420559005956446,2267,1
0.12027213539810902,-0.21255243495185286,0.07054828045476597,2309,1
0.138036765185656,0.06705215957404027,-0.0024650353486672157,2817,1
0.13805131288909364,0.06720458468283452,-0.04774104916254827,2841,1
0.11425231098680046,-0.2969309950216623,-0.06131868768862976,2182,1
0.11138807814343787,-0.2163402352025821,1.456247873701201,2293,1
0.13805131288909364,0.06720458468283452,-0.04774104916254827,2841,1
0.13805131288909364,0.06720458468283452,-0.04774104916254827,2841,1
0.11060599217027299,-0.31540334603512465,0.5323017425944443,2432,1
0.13805131288909364,0.06720458468283452,-0.04774104916254827,2841,1
0.138036765185656,0.06705215957404027,-0.0024650353486672157,2817,1
0.10842900759377147,-0.24212855809327644,1.4398308441377055,2700,1
0.138036765185656,0.06705215957404027,-0.0024650353486672157,2817,1
0.11088165032944126,-0.31295339645529574,-0.04334607609758236,2520,1
0.10842900759377147,-0.24212855809327644,1.4398308441377055,2700,1
0.138036765185656,0.06705215957404027,-0.0024650353486672157,2817,1
0.11282812427805403,-0.2908812864003172,-0.6477214987488998,2535,1
0.11158497704721577,-0.2125386196391831,0.923078691625801,2494,1
0.13805131288909364,0.06720458468283452,-0.04774104916254827,2841,1
0.11576329727056528,-0.263304612005783,0.07563066898678697,2359,1
0.13806348510638156,0.06700671670842939,-0.1552074615524768,2855,1
0.11544238291971885,-0.2671851043913651,-0.38287578311492604,2365,1
0.11212814428882045,-0.21065417599129133,0.22981738375174243,2266,1
0.13805131288909364,0.06720458468283452,-0.04774104916254827,2841,1
0.13828797095656412,0.06690406943659037,0.04456028720329601,2830,1
0.13805131288909364,0.06720458468283452,-0.04774104916254827,2841,1
0.11878080253316776,-0.22650738563991604,-0.8579556350619713,2369,1
0.11827996439344445,-0.14584336714961388,0.6971932574229585,2306,1
0.11449618683518566,-0.20269856797477037,0.044538012470891626,1883,1
0.11390025590690216,-0.20902626876293462,0.23399745520342077,1873,1
0.17117308273126336,0.38199755987886197,0.6661090853737145,3063,1
0.16529350790067732,0.31566036433996936,-0.8217197999263224,3086,1
0.11965312702082773,-0.204848582727574,0.609176638687652,1673,1
0.1048495451121842,-0.3086292660652467,-0.9114580549057796,1746,1
0.12143278400477833,-0.21300579691100754,0.8644421123684969,1105,1
0.1727292510455284,0.39424186064678296,0.5810372583051548,2741,1
0.16578550024667113,0.31863178805860787,-0.9664309740668496,2702,1
0.1656228513269159,0.3184826160481569,-0.9424609626276566,2721,1
0.1306053200521894,-0.17048424292369257,1.3372801628319977,717,1
0.17256829058845854,0.39438149791798105,0.567382800075537,2767,1
0.1600775740438131,0.28459607674602855,-0.31939441202987023,2515,1
0.1602178917568695,0.28496677651152436,-0.16891911477482455,2506,1
0.13429287291471184,0.021827845253467707,0.2001425938614992,2485,1
0.13420296956739178,-0.11121936106060137,1.03208212659495,811,1
0.1361712971410109,-0.10787814120259306,1.1009210081230165,1371,1
0.1355463989450074,-0.10378170915558496,1.1566022414914057,1421,1
0.1264140070852802,-0.19515241498679153,-0.03753677500994081,1740,1
0.12325932132479647,-0.11565889791475371,0.9377853820261343,2488,1
0.1142085852857071,-0.1940085096621827,-0.6520879993599238,2476,1
0.12325932132479647,-0.11565889791475371,0.9377853820261343,2488,1
0.11436929680412687,-0.19400495898711181,-0.6451264059242715,2496,1
0.11335805206396539,-0.31165622560762624,0.20479868212637564,2151,1
0.12309400244893048,-0.11565627618857863,0.9454426994126999,2467,1
